13.93	101.8	647.0726189	0.89	1.86	0.0009
13.8	101.8	647.1388396	0.85	1.86	0.00121
13.81	101.8	647.2749664	0.85	1.86	0.00128
13.86	101.8	649.1598759	0.86	1.86	0.00115
13.76	101.8	700.2105718	0.83	1.86	0.00144
13.85	101.8	673.0818327	0.84	1.86	0.00147
13.89	101.8	681.580735	0.81	1.86	0.00181
13.83	101.8	683.2064298	0.79	1.86	0.00209
13.88	101.8	704.0776203	0.82	1.86	0.00169
13.81	101.8	703.605656	0.76	1.65	0.00247
13.61	101.8	708.4680545	0.74	1.65	0.00099
13.71	101.8	686.4331474	0.74	1.65	0.00159
13.72	101.8	699.3586888	0.74	1.65	0.00184
13.78	101.8	715.1748702	0.73	1.65	0.00136
13.81	101.8	714.9080917	0.73	1.65	0.00145
14	101.8	714.6298281	0.77	1.65	0.00192
14.15	101.8	722.1537864	0.75	1.65	0.00244
14.43	101.8	736.5994585	0.79	1.65	0.00247
14.42	101.8	721.1037841	0.76	1.64	0.00183
14.85	101.8	744.8204656	0.82	1.64	0.0018
14.91	101.8	738.4097207	0.77	1.64	0.00156
15.01	101.8	738.9199384	0.76	1.64	0.0018
15	101.8	739.9551485	0.76	1.64	0.00181
14.93	101.8	771.3260408	0.83	1.64	0.00215
14.89	101.8	791.3702592	0.86	1.64	0.00217
15.08	101.8	738.6587622	0.72	1.64	0.0025
15.11	101.8	740.9119195	0.7	1.64	0.00279
15.21	101.8	811.1988111	0.84	1.64	0.00297
15.3	101.8	804.3597476	0.84	1.64	0.00298
15.31	101.8	737.9874506	0.71	1.64	0.00292
15.38	101.8	802.7694104	0.86	1.64	0.00276
18.94	101.8	983.7276844	1.26	1.71	0.00275
19.3	101.8	818.2114381	0.99	1.71	0.00265
19.08	101.8	810.6057135	0.98	1.71	0.00242
18.83	101.8	805.3875155	1	1.71	0.00185
18.69	101.8	1000.357891	1.3	1.71	0.00247
18.83	101.8	1016.998242	1.37	1.71	0.0022
18.78	101.8	802.3056749	0.98	1.71	0.00191
19.07	101.8	1058.880929	1.29	1.71	0.00354
19.17	101.8	929.2484361	1.14	1.71	0.00329
19.42	101.8	1035.126757	1.37	1.71	0.00296
19.7	101.8	811.8361753	1.1	1.71	0.00177
19.93	101.8	808.5452263	1.14	1.71	0.0016
20.29	101.8	1014.625969	1.29	1.71	0.00404
20.71	101.8	836.7095292	1.14	1.71	0.00268
20.24	101.8	817.6355395	1.2	1.71	0.00147
23.3	101.9	1137.687997	1.92	1.52	0.00243
23.84	101.9	1048.085518	1.77	1.52	0.00259
24.01	101.9	889.2141094	1.48	1.52	0.00189
23.78	101.9	880.35309	1.47	1.52	0.00169
24.04	101.9	871.0503388	1.56	1.52	0.00121
23.79	101.9	1159.462236	1.97	1.52	0.00267
23.83	101.9	1186.525765	2.02	1.52	0.00277
24.63	101.9	899.2636112	1.66	1.52	0.00145
24.62	101.9	872.4348057	1.65	1.52	0.00117
24.89	101.9	1184.531273	2.38	1.52	0.00193
25.01	101.9	1192.776066	2.23	1.52	0.0027
25.42	101.9	875.2464988	1.75	1.52	0.0013
26.39	101.9	901.8851988	2.09	2.52	0.00098
26.21	101.9	1226.451589	2.34	2.52	0.00347
25.94	101.9	1094.207575	2.04	2.52	0.00328
25.76	101.9	908.8156038	1.78	2.52	0.00202
25.83	101.9	932.1538734	1.82	2.52	0.00208
26.33	101.9	913.4983522	1.83	2.52	0.00219
26.39	101.9	917.1801203	1.9	2.52	0.00198
26.64	101.9	1145.840495	2.16	2.52	0.00372
26.9	101.9	1175.809725	2.66	2.52	0.00225
26.51	101.9	1123.407093	2.4	2.38	0.00246
26.69	101.9	893.1804572	1.94	2.38	0.00168
27.5	101.9	1115.991484	2.75	2.39	0.00181
27.55	101.9	1198.397462	2.74	2.39	0.00259
27.09	101.9	926.2467137	2.07	2.39	0.00186
27.39	101.9	942.6339295	2.09	2.39	0.00207
28.14	101.9	928.5899695	1.95	2.39	0.00301
28.29	101.9	1245.590903	2.72	2.39	0.00343
28.44	101.9	958.6787573	2.16	2.39	0.00254
28.77	101.9	1245.315	2.75	2.14	0.00363
28.88	101.9	976.1796523	2.38	2.14	0.00207
29.27	101.9	1198.974437	2.87	2.14	0.00307
29.22	101.9	1218.306021	3.79	2.29	0.00107
29.88	101.9	960.22394	2.48	2.29	0.00186
30.9	101.9	1277.120332	3.25	2.29	0.00313
30.84	101.9	992.3132942	2.67	2.29	0.00197
30.97	101.9	985.7559516	2.31	2.29	0.00332
31.82	101.9	983.5966604	3.01	2.29	0.00148
31.7	101.9	1226.210093	2.97	2.29	0.00391
31.48	101.9	966.9433452	3.02	2.29	0.00119
29.82	101.7	1238.985783	3.68	2.54	0.00194
29.85	101.7	1122.087953	3.52	2.54	0.00142
30.17	101.7	1201.900724	3.61	2.54	0.002
30.31	101.7	1224.775529	3.84	2.77	0.00177
30.5	101.7	1246.910405	3.86	2.77	0.00195
30.64	101.7	936.5656229	3.06	2.77	0.0011
30.48	101.7	938.3699564	2.94	2.77	0.00131
31.05	101.7	1184.398676	3.85	2.77	0.00177
31.18	101.7	1143.268375	3.86	2.77	0.00146
30.97	101.7	920.9012178	3.17	2.77	0.00084
30.54	101.7	940.2057696	3.1	2.77	0.00097
31.21	101.7	1199.346636	3.88	2.77	0.00185
31.12	101.7	935.8854839	3.51	2.77	0.00036
31.55	101.7	1197.608804	4.06	2.77	0.00164
31.04	101.7	1083.892993	3.66	3.46	0.00152
30.36	101.7	1169.115188	3.9	3.46	0.00157
30.13	101.7	1206.485446	3.66	3.46	0.00213
30.53	101.7	1149.921917	4.21	3.46	0.00116
30.39	101.7	940.4285062	3.01	3.46	0.00139
29.88	101.7	925.1926914	2.79	3.46	0.00166
30.14	101.7	1136.739834	3.2	3.46	0.00271
30.28	101.7	913.0277932	3.2	3.46	0.00076
30.22	101.7	911.4113178	3.31	3.46	0.00053
30.3	101.7	1063.83354	3.72	3.46	0.00107
30.29	101.7	1175.942272	3.71	3.46	0.00189
30.53	101.7	1236.829697	3.52	3.46	0.00276
24.07	101.7	764.0271617	2.55	2.85	0.0002
23.91	101.7	757.7732468	2.55	2.85	0.00007
23.85	101.7	761.9732325	2.7	2.85	-0.00999
23.82	101.7	770.2248123	2.63	2.85	-0.00999
23.7	101.7	744.4814874	2.58	2.85	-0.00999
23.72	101.7	777.1020352	2.55	2.85	-0.00999
23.57	101.7	755.6319521	2.66	2.85	-0.00999
23.64	101.7	745.877189	2.43	2.85	0.00015
13.47	102.3	647.8541821	0.76	2.21	-0.00999
13.39	102.3	675.830446	0.77	2.21	-0.00999
13.28	102.3	680.7986217	0.75	2.21	-0.00999
13.19	102.3	685.8748791	0.71	2.21	-0.00999
13.29	102.3	702.3343708	0.69	2.21	-0.00999
13.2	102.3	698.108468	0.72	2.21	-0.00999
13.16	102.3	699.2567374	0.69	2.21	-0.00999
13.24	102.3	699.6217603	0.65	2.15	-0.00999
13.15	102.3	696.3178996	0.63	2.15	-0.00999
13.05	102.3	705.7181277	0.6	2.15	0.00004
13.08	102.3	718.5602669	0.45	2.15	0.00378
13.46	102.3	711.728935	0.51	2.15	0.00407
13.54	102.3	723.7190171	0.44	2.15	0.00484
13.6	102.3	723.5978476	0.44	2.11	0.0053
13.63	102.3	728.5568775	0.42	2.11	0.00606
13.85	102.3	728.6331034	0.41	2.11	0.00693
13.87	102.3	725.5910073	0.41	2.11	0.00673
14.64	102.3	746.0077427	0.58	2.11	0.00103
14.46	102.3	774.2041662	0.62	2.11	0.00088
14.66	102.3	743.0980349	0.49	2.11	0.00161
14.76	102.3	747.1084251	0.49	2.11	0.00179
14.76	102.3	744.1338496	0.5	2.11	0.00159
14.93	102.3	809.2967976	0.6	2.11	0.00265
15	102.3	770.2213959	0.56	2.11	0.00269
15.1	102.3	776.4664139	0.56	2.11	0.00309
15.06	102.3	747.6503559	0.5	2.11	0.0022
15.1	102.3	740.2854083	0.47	2.33	0.00253
15.2	102.3	813.4593015	0.6	2.33	0.00304
15.55	102.3	805.1673749	0.63	2.33	0.00298
19.48	102.3	961.9817424	1.01	1.64	0.00269
19.83	102.3	984.5521069	1.03	1.64	0.0032
20.21	102.3	1019.066916	1.14	1.64	0.0031
20.26	102.3	846.2032487	0.88	1.64	0.00213
20.29	102.3	830.9098699	0.91	1.64	0.00146
20.31	102.3	829.3145058	0.96	1.64	0.00111
20.52	102.3	833.1465366	0.93	1.64	0.00151
21.18	102.3	1031.592979	1.19	1.64	0.00376
21.58	102.3	986.0069428	1.07	1.64	0.00461
21.82	102.3	1019.430237	1.34	1.15	0.00292
21.91	102.3	967.4310943	1.31	1.15	0.00257
22.2	102.3	1038.90178	1.29	1.15	0.00391
22.73	102.3	1024.219841	1.23	1.15	0.00476
22.95	102.3	972.7783706	1.29	1.15	0.00372
23.75	102.2	1120.378953	1.46	1.36	0.00517
23.27	102.2	1001.868538	1.14	1.36	0.00604
23.53	102.2	1060.321212	1.27	1.36	0.00603
27.3	102.2	1165.155216	2.1	1.36	0.0042
26.6	102.2	939.6156345	1.49	1.36	0.00433
26.51	102.2	1163.467048	1.89	1.36	0.00478
26.54	102.2	1032.453589	1.75	1.36	0.00402
26.58	102.2	1205.517027	2.12	1.36	0.00404
26.06	102.2	934.9272485	1.5	1.36	0.00365
25.96	102.2	1177.42885	1.86	1.36	0.00469
25.79	102.2	912.4265787	1.58	1.36	0.0027
29.28	102.1	1238.0457	2.53	1.46	0.00366
29.13	102.1	1271.103772	2.32	1.46	0.00476
29.06	102.1	1194.300433	2.23	1.46	0.00447
29.18	102.1	957.4591112	2.46	1.46	0.00079
29.06	102.1	976.5305811	2.07	1.46	0.00225
28.74	102.1	1195.05617	2.23	1.46	0.00422
28.63	102.1	1272.94964	2.7	1.46	0.00303
28.06	102.1	936.4587135	2.28	1.46	0.00057
28.33	102.1	1236.589365	2.46	1.46	0.00335
28.49	102.1	1230.187595	2.22	1.46	0.00445
28.61	102.1	1297.942144	3.15	1.89	0.00207
29.33	102.1	1288.366509	2.95	1.89	0.00284
29.76	102.1	1231.699798	3.23	2.00	0.00191
29.73	102.1	1286.679122	2.95	2.00	0.00305
30.09	102.0	1218.9107	3.26	2.46	0.00276
30.53	102.0	1227.909347	3.09	2.46	0.00355
30.99	102.0	1144.838382	2.97	2.46	0.00325
31.57	102.0	1240.230946	3.26	2.46	0.0036
31.67	102.0	1233.21157	3.11	2.46	0.00401
32.2	102.0	1182.577712	3.5	2.46	0.00271
30.45	102.0	1124.463027	3.6	2.91	0.0014
31.16	102.0	1179.737701	3.7	2.91	0.00194
31.41	102.0	1100.583353	4.41	2.91	0.0006
30.39	101.9	1058.116013	3.13	3.15	0.00207
29.78	101.9	1023.840736	3.03	3.15	0.00174
29.42	101.9	1054.921014	3.15	3.15	0.00167
30.77	101.9	1254.751801	3.62	3.15	0.00272
31.13	101.9	1246.067076	4	3.15	0.00206
31.79	101.9	1200.355969	3.62	3.15	0.0027
31.45	101.9	992.2510175	2.84	3.15	0.00263
30.98	101.9	954.3783586	2.76	2.94	0.0024
30.5	101.9	1237.042354	3.68	2.94	0.00233
30.1	101.9	1175.511995	3.73	2.94	0.00175
31.7	101.9	955.9036148	3.35	1.88	0.00116
31.76	101.9	958.6938067	3.31	1.88	0.00124
32.26	101.9	1213.946864	3.89	1.88	0.00239
32.22	101.9	976.8668644	3.05	1.88	0.00219
31.65	101.9	963.5402241	2.96	1.88	0.0021
30.85	101.9	1017.911233	3.75	2.35	0.00118
30.52	101.9	911.3941347	3.41	2.35	0.00059
30.4	101.9	915.9217357	3.28	2.35	0.00081
30.03	101.9	909.2517795	3.14	2.35	0.00092
29.84	101.9	990.0009968	3.17	2.03	0.0018
29.66	101.9	912.0733035	3.06	2.03	0.00097
25.85	101.9	809.4624643	2.63	1.29	0.00046
25.85	101.9	811.8691939	2.63	1.29	0.00043
25.82	101.9	815.0018045	2.69	1.29	-0.00999
25.79	101.9	815.5522694	2.75	1.29	-0.00999
25.7	101.9	794.1465641	2.72	1.29	-0.00999
25.7	101.9	803.3158701	2.68	1.29	-0.00999
25.71	101.9	813.1377705	2.73	1.29	-0.00999
25.62	101.9	780.7665893	2.69	1.29	-0.00999
25.33	101.9	751.2802575	2.65	0.92	-0.00999
25.25	101.9	744.6571331	2.68	0.92	-0.00999
25.24	101.9	746.2473104	2.66	0.92	-0.00999
25.13	101.9	746.633834	2.62	0.92	-0.00999
25.21	101.9	743.7369026	2.68	0.92	-0.00999
25.19	101.9	743.2750266	2.68	0.92	-0.00999
25.12	101.9	743.2801118	2.66	0.92	-0.00999
19.48	102.0	753.1106913	1.56	2.01	0.00085
19.06	102.0	758.6049255	1.48	2.01	0.00097
19.13	102.0	756.2192506	1.51	2.01	0.00084
18.95	102.0	762.4367645	1.41	2.01	0.0013
18.7	102.0	760.4886794	1.37	2.01	0.00147
18.68	102.0	762.7447109	1.33	2.01	0.00173
18.61	102.0	759.2155772	1.36	2.01	0.0015
18.63	102.0	760.1660975	1.34	2.01	0.00155
18.96	102.0	761.1543731	1.3	2.01	0.00274
19.02	102.0	766.8499995	1.36	2.01	0.00178
19.69	101.9	819.4216378	1.4	2.00	0.00195
19.98	101.9	792.9073188	1.28	2.00	0.00199
20.06	101.9	838.0580245	1.42	2.00	0.00222
20.19	101.9	816.9831589	1.41	2.00	0.00213
20.26	101.9	823.206242	1.49	2.00	0.00173
20.41	101.9	833.9850285	1.4	2.00	0.00257
20.38	101.9	795.1496119	1.42	2.00	0.00136
20.34	101.9	802.6038988	1.3	2.00	0.00224
20.26	101.9	797.9644538	1.37	2.00	0.00169
20.41	101.9	795.4198413	1.41	2.00	0.00141
20.43	101.9	827.9080189	1.45	2.00	0.00218
20.63	101.9	821.3125169	1.43	2.00	0.00238
20.88	101.9	850.9632928	1.41	2.00	0.00303
21.03	101.9	843.11398	1.55	2.00	0.00207
20.96	101.9	801.040055	1.45	2.00	0.00169
20.94	101.9	801.9706062	1.41	2.00	0.0019
26.72	101.8	1018.224681	2.29	1.64	0.00219
26.25	101.8	991.8071413	2.32	1.64	0.00161
26.88	101.8	1076.976538	2.31	1.64	0.0027
27.3	101.8	1121.438886	2.02	1.64	0.00476
27.51	101.8	1107.11769	2.02	1.64	0.00474
27.34	101.8	897.0130513	2.31	1.64	0.00083
27.43	101.8	901.108873	2.21	1.64	0.0013
27.4	101.8	899.4431218	2.29	1.64	0.00094
27.15	101.8	885.6434148	2.38	1.64	0.00045
27	101.8	890.265026	2.35	1.64	0.00049
26.75	101.8	894.3615823	2.25	1.64	0.00069
26.98	101.8	1045.2885	2.51	1.64	0.00178
27.3	101.8	1145.978263	2.27	1.64	0.00377
27.51	101.8	907.0324333	2.22	1.64	0.00134
27.89	101.8	1136.2072	2.69	1.64	0.00244
28	101.8	1130.020166	2.78	1.64	0.00218
31.15	101.9	1133.635935	2.73	1.26	0.00374
30.78	101.9	1124.232449	2.89	1.26	0.00299
30.9	101.9	1228.105071	3.15	1.26	0.00304
31.21	101.9	1236.836862	2.72	1.26	0.00467
31.62	101.9	1109.550621	2.54	1.26	0.00444
31.83	101.9	963.0669566	3.27	1.26	0.00081
31.93	101.9	978.1920323	2.88	1.26	0.00187
31.73	101.9	958.6731523	3.19	1.26	0.00087
31.51	101.9	961.9099149	3.12	1.26	0.00093
31.43	101.9	1196.575155	3.4	1.26	0.00243
31.56	101.9	1253.17678	3.27	1.26	0.00321
32.64	101.8	1149.390617	3.21	1.18	0.00308
32.77	101.8	1160.574933	3.16	1.18	0.00338
32.49	101.8	1206.25313	2.9	1.30	0.00448
32.67	101.8	1235.658203	2.75	1.30	0.00544
33.08	101.8	1257.6088	3.33	1.30	0.00383
32.45	101.8	998.4175241	2.71	1.30	0.00286
32.4	101.8	990.7453408	2.98	1.30	0.00198
32.42	101.8	1227.564668	2.66	1.30	0.0056
32.97	101.8	1284.56959	2.96	1.30	0.00517
33.32	101.8	1275.240945	2.82	1.30	0.00583
33.67	101.8	1026.150708	2.8	1.30	0.00339
33.64	101.8	1011.241793	2.66	1.30	0.00375
35.64	101.8	1327.98058	3.81	2.43	0.00438
35.66	101.8	1369.302182	3.86	2.43	0.00455
35.38	101.8	1321.600131	4.17	2.43	0.00345
35.74	101.8	1014.895634	3.95	2.43	0.0016
35.4	101.8	1008.659398	4.6	2.43	0.00054
35.22	101.8	977.3040813	4.6	2.43	0.00031
34.99	101.8	1252.325944	4.58	2.43	0.00214
36.08	101.8	1265.878632	4.06	2.43	0.00347
35.6	101.8	1340.318479	4.73	2.43	0.00263
35.23	101.8	1020.023629	3.81	2.43	0.0017
34.92	101.7	1285.01552	4.56	2.82	0.00237
35.15	101.7	1309.985557	4.98	2.82	0.00199
34.96	101.7	1372.728054	4.15	2.49	0.0039
35.2	101.7	1213.254189	3.85	2.49	0.0035
37.83	101.7	1416.213331	4.38	2.66	0.00443
37.39	101.7	1407.707398	4.3	2.66	0.00437
37.08	101.7	1365.559184	4.54	2.66	0.00352
36.72	101.7	1355.905918	4.57	2.66	0.00329
37.17	101.7	1087.485419	4.33	2.66	0.00177
36.8	101.7	1226.316451	3.9	2.66	0.00367
36.59	101.7	1157.642452	4.96	2.66	0.00137
33.97	101.6	1193.245136	4.56	2.97	0.00215
34.9	101.6	1166.929407	4.18	2.97	0.00296
35.33	101.6	1200.012377	4.92	2.97	0.00209
35.57	101.6	1230.125603	4.92	2.97	0.00233
35.53	101.6	1026.740829	3.57	2.97	0.0032
35.49	101.6	1010.053981	3.87	2.97	0.00239
35.74	101.6	1216.470112	3.79	2.97	0.00448
35.53	101.6	1227.663668	3.85	2.97	0.00432
35.58	101.6	1171.633649	3.79	2.97	0.00413
35.58	101.6	1192.037159	4.49	2.97	0.00279
16.23	102.4	643.8979645	1.56	0.52	-0.00999
16.38	102.4	658.2728265	1.44	0.52	-0.00999
16.5	102.4	661.6940263	1.41	0.52	-0.00999
16.53	102.4	662.0737008	1.44	0.52	-0.00999
16.56	102.4	662.8307102	1.44	0.52	-0.00999
16.62	102.4	662.9538064	1.46	0.52	-0.00999
16.88	102.4	685.8135205	1.47	0.52	-0.00999
17.06	102.4	687.555308	1.46	0.52	-0.00999
17.69	102.4	748.5753337	1.34	0.41	-0.00999
17.94	102.4	755.4823998	1.26	0.41	0.00016
18.06	102.4	758.4602108	1.25	0.41	0.00092
18.16	102.4	758.6437498	1.27	0.41	0.0009
19	102.2	774.0548517	1.29	0.30	0.0009
20.21	102.2	780.3594919	1.44	0.30	0.00086
20.38	102.2	799.3411757	1.4	0.30	0.0016
20.44	102.2	791.0191461	1.47	0.30	0.00091
20.7	102.2	796.9586828	1.45	0.30	0.00131
22.08	102.5	837.6960215	1.57	0.95	0.00154
23.22	102.5	938.0268733	1.45	0.95	0.00499
23.14	102.5	911.6047767	1.47	0.95	0.00453
23.27	102.5	923.8203048	1.4	0.95	0.00531
23.4	102.5	917.9750155	1.55	0.95	0.0041
23.49	102.5	951.8655203	1.65	0.95	0.00391
23.59	102.5	934.7107186	1.71	0.95	0.00336
23.35	102.5	861.4717735	1.51	0.95	0.00308
27.75	102.5	1019.627641	2.49	1.54	0.00231
27.68	102.5	1039.148468	1.95	1.54	0.0049
27.69	102.5	1013.838212	2.56	1.54	0.00197
27.74	102.5	930.9631805	2.21	1.54	0.00224
28.04	102.5	1044.904489	3.1	1.54	0.00107
28.6	102.5	1106.721063	2.57	1.54	0.00338
29.05	102.5	1230.637175	2.84	1.54	0.00365
29.53	102.5	1188.528484	2.59	1.54	0.00449
29.93	102.5	1145.930521	2.44	1.54	0.00499
30.2	102.5	1205.171874	3.04	1.54	0.00338
30.13	102.5	1158.672395	2.55	1.54	0.00471
30.5	102.5	953.0433628	2.66	1.54	0.0022
30.06	102.5	925.3420637	2.91	1.57	0.0011
29.67	102.5	906.1367189	2.98	1.57	0.00063
29.38	102.5	943.1705267	2.49	1.57	0.00215
29.57	102.5	951.3828608	2.18	1.57	0.00362
30.36	102.5	1196.582963	2.53	1.57	0.00522
30.6	102.5	1221.240708	2.72	1.57	0.00478
31.2	102.5	1142.457656	2.9	1.57	0.00385
32.93	102.4	1286.039157	3.16	1.86	0.00487
33.2	102.4	1301.956165	3.64	1.86	0.00372
34.09	102.4	1311.67144	3.56	1.86	0.00439
38.57	102.4	1308.318471	4.92	2.02	0.00296
38.33	102.4	1345.622758	4.11	2.02	0.00472
38.08	102.4	1369.651119	4.52	2.02	0.00393
37.78	102.4	1338.685978	4.68	2.02	0.00329
37.31	102.4	1341.373223	4.02	2.02	0.00451
37.46	102.4	1334.257503	4.59	2.02	0.00333
37.64	102.4	1323.697866	5.09	2.02	0.00258
37.29	102.4	1330.444323	3.88	2.02	0.00478
38.78	102.4	1303.968206	6.43	2.02	0.00141
38.7	102.4	1365.028115	5	2.02	0.00323
38.12	102.4	1355.113964	4.97	2.02	0.00307
38.43	102.4	1050.360648	5.19	2.02	0.00085
38.24	102.4	1063.607883	4.83	2.02	0.00127
38.26	102.4	1038.694184	4.91	1.90	0.00105
38.25	102.4	1045.408404	5.59	1.90	0.00037
39.33	102.4	1381.859851	5.79	1.90	0.00247
38.61	102.4	1248.038932	4.58	1.90	0.00307
39.92	102.4	1309.315556	6.21	1.53	0.00185
39.9	102.4	1346.22919	6.08	1.53	0.00211
39.26	102.4	1383.193548	4.41	1.53	0.00463
38.91	102.4	1254.762349	4.28	1.53	0.00385
38.49	102.4	1375.262455	4.95	1.53	0.00331
38.44	102.4	1241.351386	5.26	1.53	0.00208
38.28	102.4	1318.137698	5.95	1.53	0.00169
38.46	102.4	1251.852421	6.51	1.53	0.00108
38.45	102.4	1343.394638	5.45	1.53	0.0024
38.33	102.4	1240.502338	6.33	1.53	0.00109
37.98	102.4	1014.013832	5.71	1.53	0.00007
37.74	102.4	1012.925363	5.35	1.69	0.00028
37.74	102.4	1006.043525	5.48	1.69	0.00014
37.98	102.4	1043.045527	4.74	1.69	0.00116
37.97	102.4	1037.462285	4.91	1.69	0.0009
37.12	102.4	1165.485217	4.83	2.37	0.00225
36.57	102.4	1106.989798	4.3	2.37	0.00258
36.29	102.4	1132.861043	4.67	2.37	0.00204
36.33	102.4	1223.20425	4.18	2.37	0.00343
36.4	102.4	1119.683502	5.06	2.37	0.00146
36.23	102.4	1146.895252	4.33	2.37	0.00269
36.73	102.4	1089.066236	4.82	2.37	0.00171
36.59	102.1	1105.68784	4.96	2.47	0.00157
36.12	102.1	1186.167865	3.93	2.47	0.00365
36.19	102.1	1208.832732	4.14	2.47	0.00338
36.29	102.1	1175.322106	4.82	2.47	0.00204
36.05	102.1	983.347023	4.95	2.47	0.00045
35.71	102.1	993.021547	4.55	2.47	0.00084
35.47	102.1	957.8496509	5.18	2.47	-0.00999
35.17	102.1	972.0224469	4.7	2.47	0.00043
35	102.1	950.7212475	4.86	2.47	0.00009
24.99	102.3	870.1493441	1.91	2.24	0.00287
24.88	102.3	877.3879749	2.1	2.24	0.00193
24.9	102.3	892.2014341	2.06	2.24	0.00224
24.99	102.3	908.3984025	2.04	2.55	0.00255
25.24	102.3	909.9238668	2.07	2.55	0.00256
25.83	102.3	948.8346893	1.99	2.55	0.00373
25.94	102.3	959.259373	1.93	2.55	0.00419
25.87	102.3	858.2425563	2.32	2.55	0.001
25.62	102.3	869.0713269	2.14	2.55	0.00163
25.52	102.3	851.6247441	2.12	2.55	0.00148
25.45	102.3	851.07256	2.14	2.55	0.00139
25.9	102.3	866.8422329	2.21	2.86	0.00146
30.87	102.3	1166.368624	3.63	3.17	0.00217
30.49	102.3	1164.362994	3.25	3.17	0.00284
30.4	102.3	1164.046854	2.83	3.17	0.00407
30.27	102.3	1151.317304	2.86	3.17	0.00386
30.31	102.3	1141.478345	3.01	3.17	0.00327
30.44	102.3	1148.868473	3.3	3.17	0.00259
30.6	102.2	1176.77364	2.64	3.10	0.00509
30.51	102.2	1115.901696	3.09	3.10	0.00294
30.42	102.2	1112.842734	3.08	3.10	0.00293
30.47	102.2	926.4648844	3.17	3.10	0.00095
30.63	102.2	929.1743214	3.18	3.10	0.001
30.54	102.2	919.3227088	3.18	3.10	0.00091
30.45	102.2	915.8241743	3.17	3.10	0.0009
30.3	102.2	1121.137096	3.22	3.10	0.00255
30.29	102.2	1089.309284	2.94	3.10	0.00314
36.36	102.2	1002.891002	4.85	2.50	-0.00999
35.76	102.2	1202.462193	4.48	2.50	0.00172
35.71	102.2	1307.431559	4.38	2.50	0.0025
35.6	102.2	1201.437113	4.29	2.50	0.00193
35.43	102.2	985.1276445	4.62	2.50	-0.00999
35.97	102.2		6.49	2.22	-0.00999
35.43	102.2	1245.205749	5.36	2.22	0.00091
35.43	102.2	994.1476548	4.13	2.22	0.00043
35.35	102.2	1212.504504	4.89	2.22	0.0011
35.63	102.2	1184.275904	5.26	2.22	0.00069
35.58	102.2		5.82	2.22	0.00031
38.33	102.2	1336.085569	5.02	2.37	0.00299
38.06	102.2	1375.603724	4.35	2.26	0.00432
37.73	102.2	1048.158061	4.62	2.26	0.00138
37.93	102.2	1328.658602	5.24	2.26	0.00252
36.83	102.2	1306.771042	5.44	2.26	0.00183
37.07	102.2	1311.492859	4.27	2.26	0.00376
37.12	102.2	1232.535711	5.23	2.26	0.0017
37.06	102.2	1271.894847	5.15	2.26	0.00204
40.03	101.9	1268.377269	5.95	1.64	0.002
39.94	101.9	1309.356387	5.51	1.64	0.00273
39.06	101.9	1235.927172	5.23	1.91	0.00277
39.04	101.9	1120.001243	4.76	1.91	0.00269
39.02	101.9	1142.711051	4.72	1.91	0.00311
38.97	101.9	1037.685026	5.83	1.91	0.00071
39.01	101.9	1205.327	5.88	1.91	0.00184
39.04	101.8	1210.744986	5.25	2.88	0.00262
38.97	101.8	1213.135993	6.21	2.88	0.00155
38.67	101.8	1009.040224	5.97	2.88	0.00044
38.72	101.8	1107.2101	5.26	2.88	0.00197
38.57	101.8	1095.774418	5.32	2.88	0.00174
38.38	101.8	1147.085218	5.82	2.88	0.00145
38.2	101.8	1111.332024	5.76	2.88	0.00128
37.9	101.8	917.5529478	6.41	2.88	-0.00999
37.65	101.8	974.2447967	6.05	2.88	0.00006
37.56	101.8	1106.025401	5.71	2.88	0.00117
37.02	101.8	1105.133505	5.88	2.88	0.00092
37.16	101.8	1116.927145	5.57	2.88	0.00125
37.28	101.8	982.3082498	5.77	2.88	0.00019
34.76	101.9	945.0855238	4.27	3.54	0.00152
34.64	101.9	944.1679759	4.2	3.54	0.00161
34.49	101.9	936.7330311	4.44	3.54	0.00116
34.4	101.9	945.3068569	4.17	3.54	0.00158
34.29	101.9	925.7227463	4.36	3.54	0.00117
34.14	101.9	925.3016877	4.68	3.54	0.00033
33.88	101.9	887.8078069	4.83	4.17	0.0002
33.73	101.9	913.3745119	4.38	4.17	0.00079
32.87	101.9	908.2624764	4.2	4.17	0.00056
32.81	101.9	892.3674947	4.38	4.17	0.00025
32.74	101.9	908.1326799	4.27	4.17	0.00037
32.67	101.9	887.992211	4.36	4.17	0.00022
32.41	101.9	906.4780207	4.07	4.17	0.00054
32.29	101.9	890.5713446	4.21	4.17	0.00027
32.17	101.9	890.0639716	4.19	4.17	0.00023
20.83	102.0	756.5186127	1.76	1.57	0.00117
20.87	102.0	762.8097257	1.8	1.57	0.00103
21.23	102.0	785.4172308	1.79	1.57	0.001
21.19	102.0	780.6264789	1.77	1.57	0.00152
21.19	102.0	773.7401308	1.76	1.57	0.00154
21.28	102.0	781.1466327	1.86	1.57	0.00114
21.13	102.0	789.4611832	1.73	1.57	0.00132
21.23	102.0	786.8387932	1.79	1.57	0.00103
21.31	102.0	799.253923	1.67	1.57	0.00236
21.34	101.9	789.727151	1.75	1.52	0.00177
21.41	101.9	798.9411876	1.69	1.52	0.00172
21.76	101.9	824.8835488	1.8	1.52	0.00208
21.84	101.9	819.176031	1.73	1.52	0.00247
22.16	101.9	836.0253025	1.96	1.52	0.00164
22.2	101.9	802.3686974	1.83	1.52	0.00149
22.25	101.9	798.4199731	1.9	1.52	0.00115
22.39	101.9	854.2086632	1.91	1.52	0.00217
22.27	101.9	812.3199839	1.8	1.52	0.00183
22.31	101.9	871.8162182	1.73	1.52	0.00329
28	101.8	1054.074057	2.56	1.42	0.00267
27.85	101.8	890.1141968	2.45	1.42	0.00115
27.84	101.8	966.8020264	2.88	1.42	0.00101
27.83	101.8	883.8632253	2.75	1.42	0.00024
28.36	101.8	1013.078015	2.84	1.42	0.00169
28.57	101.8	1036.431845	2.54	1.42	0.00286
28.4	101.8	1056.762487	2.75	1.42	0.00228
28.33	101.8	1071.080774	2.69	1.42	0.00257
28.56	101.8	1029.393385	2.66	1.42	0.00242
28.35	101.8	884.7952347	2.88	1.36	0.00018
28.38	101.8	1129.116548	3.09	1.36	0.00185
31.72	101.7	1223.348867	3.51	1.03	0.00282
31.55	101.7	949.2220889	3.25	1.03	0.00104
31.81	101.7	1231.571156	3.03	1.03	0.00427
31.97	101.7	1220.415606	3.32	1.03	0.00336
31.91	101.7	1236.34621	3.24	1.03	0.00369
31.55	101.7	948.5113077	3.25	1.03	0.00102
31.33	101.7	1188.264523	3.29	1.26	0.00297
31.24	101.7	1091.24455	3.1	1.26	0.00269
31.27	101.7	965.1983294	2.86	1.26	0.00192
31.28	101.7	1195.454054	3.51	1.26	0.00244
31.4	101.7	1205.753623	3.85	1.26	0.00187
31.94	101.7	1210.426198	4.01	1.26	0.00183
33.58	101.7	1240.370863	4.17	1.72	0.00229
33.4	101.7	1296.842964	3.57	1.72	0.00385
33.37	101.7	1311.362441	3.24	1.72	0.00494
33.45	101.7	1174.110689	3.3	1.72	0.00366
33.32	101.7	1203.756389	3.6	1.72	0.00313
32.94	101.8	1292.586841	3.37	1.95	0.0042
33.57	101.8	972.6340074	3.9	1.95	0.00074
33.47	101.8	967.4862724	3.88	1.95	0.0007
33.47	101.8	970.0072822	3.91	1.95	0.00064
34.23	101.8	1316.667522	3.61	1.95	0.0043
37.09	101.8	1318.290456	5.82	2.18	0.00178
36.59	101.8	1297.695043	5.25	2.18	0.00217
36.46	101.8	1308.533977	5.11	2.18	0.00234
36.31	101.8	1271.056275	5.79	2.18	0.00145
36.38	101.8	1290.994789	4.37	2.18	0.00339
37.08	101.8	1254.864514	4.96	2.18	0.0024
37.22	101.8	1347.798154	4.57	2.18	0.00363
36.83	101.8	1240.784354	4.44	2.18	0.003
36.67	101.6	1237.739043	5.25	2.41	0.00184
37.28	101.6	1273.890173	5.44	2.41	0.00202
36.93	101.6	1359.198129	4.65	2.41	0.00345
36.94	101.6	1325.566109	5.31	2.41	0.00229
37.16	101.6	1007.613413	5.05	2.41	0.0007
36.97	101.6	991.6360294	5.12	2.41	0.0005
36.92	101.6	1001.533888	5.13	2.41	0.00049
37.3	101.6	1029.615893	5.08	2.41	0.00082
37.46	101.6	1022.019142	5.05	2.41	0.00082
37.97	101.6	1302.92541	5.29	3.46	0.0028
37.94	101.6	1368.61378	4.51	3.46	0.00452
37.58	101.6	1329.624021	5.72	3.46	0.00233
37.7	101.6	1049.562249	4.3	3.46	0.00252
37.87	101.6	1037.146808	5.12	3.46	0.00129
37.99	101.6	1342.18973	5.62	3.46	0.0026
16.96	101.9	768.6972412	0.66	*	0.00255
16.99	101.9	752.8903118	0.69	*	0.0028
17.07	101.9	765.8289183	0.68	3.87	0.00233
17.05	101.9	770.5690952	0.65	3.87	0.00309
17.13	101.9	766.8770853	0.73	3.87	0.00285
17.21	101.9	772.52285	0.76	3.87	0.00251
17.17	101.9	770.7371679	0.69	3.87	0.0025
17.1	101.9	769.7255109	0.64	3.87	0.00326
17.32	101.9	791.9161789	0.72	3.87	0.00365
17.29	101.9	784.6524976	0.72	3.87	0.00358
17.32	101.9	778.8855392	0.66	3.87	0.00363
17.42	101.9	775.2764183	0.67	3.87	0.00334
20.48	101.9	953.0453354	1.08	4.57	0.00343
20.48	101.9	912.522043	1.01	4.57	0.00362
20.64	101.9	967.0037842	1.05	4.57	0.00413
20.94	101.9	836.7468414	0.8	4.57	0.00447
20.85	101.9	837.2726429	0.85	4.57	0.00358
20.77	101.9	1024.527683	1.17	4.64	0.00385
21.08	101.9	1031.239988	1.13	4.64	0.00467
21.28	101.9	1010.792763	1.06	4.64	0.00528
21.2	101.9	998.5690719	1.04	4.64	0.00532
21.28	101.9	852.9054311	0.84	4.64	0.00458
21.17	101.9	834.0887075	0.8	4.64	0.00463
21.42	101.9	1028.908064	1.15	4.64	0.00474
21.57	101.9	1058.616288	1.2	4.64	0.00486
21.62	101.9	854.0208507	0.86	4.64	0.00485
21.59	101.9	830.7914736	0.92	4.64	0.00345
21.57	101.9	828.0927631	1.01	4.64	0.00245
21.82	101.9	995.8599497	1.09	4.64	0.00538
22.23	101.9	847.328229	0.99	4.64	0.00374
22.31	101.9	851.2266777	0.92	4.64	0.00471
25.02	101.9	1159.551892	1.58	4.34	0.0048
24.96	101.9	1154.082108	1.61	4.34	0.0045
24.97	101.9	1168.190759	1.96	4.34	0.00264
24.75	101.9	888.1517971	1.21	4.34	0.00305
24.94	101.9	905.0264538	1.2	4.34	0.00355
25.08	101.9	1075.467408	1.51	4.34	0.00435
24.98	101.9	1051.741852	1.52	4.34	0.00384
25.19	101.9	1110.981172	1.57	4.34	0.00449
25.33	101.9	1137.969973	1.6	4.34	0.00476
25.48	101.9	1112.422715	1.85	4.34	0.00298
25.58	101.9	1167.520109	1.86	4.34	0.00362
25.68	101.8	893.8067843	1.3	4.04	0.00323
25.71	101.8	891.8119666	1.55	4.04	0.00158
25.58	101.8	878.048452	1.58	4.04	0.0012
25.64	101.8	891.1286575	1.43	4.04	0.00216
25.88	101.8	1092.329816	1.7	4.04	0.00392
26.41	101.8	1171.610275	1.91	4.04	0.00397
26.62	101.8	1092.083827	1.61	4.04	0.00509
26.49	101.8	895.0978718	1.74	4.04	0.00126
26.52	101.8	899.0608766	1.55	4.04	0.00229
34.68	101.7	983.92786	3.77	3.32	0.00101
35.15	101.7	1274.991907	3.65	3.32	0.00384
35.44	101.7	1217.584705	3.7	3.32	0.00328
35.7	101.7	1265.424462	3.74	3.32	0.00371
35.62	101.7	1287.059924	4.38	3.32	0.0026
35.91	101.7	1313.916491	3.8	3.32	0.0041
35.91	101.7	1329.618373	3.79	3.32	0.0042
35.78	101.7	1340.195481	4.55	3.32	0.00272
36.23	101.7	1273.813267	4.34	3.32	0.00276
36.04	101.7	1041.099203	3.39	3.32	0.00276
35.19	101.7	1032.720732	3.87	3.32	0.00136
34.96	101.7	1009.197235	3.56	3.32	0.0017
34.64	101.7	1002.334251	3.46	3.32	0.00169
34.75	101.7	1285.119125	4.67	3.32	0.00186
34.24	101.7	1276.944461	3.82	3.32	0.00312
34.37	101.7	1260.5356	4.32	3.32	0.0021
34.17	101.7	1314.812075	4	3.32	0.00297
34.13	101.7	1025.30368	3.33	3.32	0.00193
38.68	101.8	1081.749438	4.69	2.17	0.00098
37.09	101.8	1123.703132	5.04	2.17	0.00046
37.1	101.8	1141.383861	3.91	2.17	0.00201
36.81	101.8	1043.254765	3.95	2.17	0.0011
34.67	101.8	1113.314362	4.74	2.17	0.00004
34.85	101.8	998.2833659	3.29	1.61	0.00205
34.48	101.8	1058.101554	3.64	1.61	0.00166
34.16	101.8	978.0853616	3.87	1.45	0.00089
32.17	101.8	964.8559022	3.53	2.79	0.00186
31.68	101.8	949.3287152	3.74	2.79	0.00114
31.48	101.8	960.3966766	3.66	2.79	0.00131
30.99	101.8	879.6292611	4.15	2.79	-0.00999
31.11	101.8	893.3228486	3.74	2.35	0.00058
30.6	101.8	888.353461	3.53	2.35	0.00076
30.23	101.8	866.4697737	3.76	2.35	0.00041
29.99	101.8	852.5575102	3.84	2.35	0.00016
29.5	101.8	839.7938281	3.77	2.35	0.00008
29.26	101.8	825.3215506	3.45	2.35	0.00069
28.93	101.8	823.5985391	3.6	2.35	0.00011
28.63	101.8	805.069718	3.4	2.35	0.00048
28.58	101.8	807.3555047	3.32	2.35	0.00063
28.39	101.7	786.8041196	3.61	1.66	-0.00999
